"""
Created by Vitor Monteiro, 23/09/2025

Compute correlation coefficients for Sa(T), PGA, PGV, and Duration for
NGA-West2 for periods between [0.01-10.0]s.

For more details please see: 
Baker, J. W., & Bradley, B. A. (2017). Intensity Measure Correlations Observed
in the NGA-West2 Database, and Dependence of Correlations on Rupture and Site Parameters.
Earthquake Spectra, 33(1), 145–156. https://doi.org/10.1193/060716eqs095m
"""



import re
import numpy as np
from scipy.interpolate import RegularGridInterpolator


# Define the IMs
IMs = np.array(['SA(0.01)', 'SA(0.02)', 'SA(0.022)', 'SA(0.025)', 'SA(0.029)', 'SA(0.030)', 'SA(0.032)', 'SA(0.035)', 'SA(0.036)', 'SA(0.040)',
                'SA(0.042)', 'SA(0.044)', 'SA(0.045)', 'SA(0.046)', 'SA(0.048)', 'SA(0.05)', 'SA(0.055)', 'SA(0.06)', 'SA(0.065)', 'SA(0.067)',
                'SA(0.07)', 'SA(0.075)', 'SA(0.08)', 'SA(0.085)', 'SA(0.09)', 'SA(0.095)', 'SA(0.1)', 'SA(0.11)', 'SA(0.12)', 'SA(0.13)', 'SA(0.133)',
                'SA(0.14)', 'SA(0.15)', 'SA(0.16)', 'SA(0.17)', 'SA(0.18)', 'SA(0.19)', 'SA(0.2)', 'SA(0.22)', 'SA(0.24)', 'SA(0.25)', 'SA(0.26)', 'SA(0.28)',
                'SA(0.29)', 'SA(0.3)', 'SA(0.32)', 'SA(0.34)', 'SA(0.35)', 'SA(0.36)', 'SA(0.38)', 'SA(0.40)', 'SA(0.42)', 'SA(0.44)', 'SA(0.45)',
                'SA(0.46)', 'SA(0.48)', 'SA(0.5)', 'SA(0.55)', 'SA(0.6)', 'SA(0.65)', 'SA(0.667)', 'SA(0.7)', 'SA(0.75)', 'SA(0.8)', 'SA(0.85)', 'SA(0.9)', 'SA(0.95)',
                'SA(1)', 'SA(1.1)', 'SA(1.2)', 'SA(1.3)', 'SA(1.4)', 'SA(1.5)', 'SA(1.6)', 'SA(1.7)', 'SA(1.8)', 'SA(1.9)', 'SA(2)', 'SA(2.2)', 'SA(2.4)', 'SA(2.5)', 'SA(2.6)',
                'SA(2.8)', 'SA(3.0)', 'SA(3.2)', 'SA(3.4)', 'SA(3.5)', 'SA(3.6)', 'SA(3.8)', 'SA(4.0)', 'SA(4.2)', 'SA(4.4)', 'SA(4.6)', 'SA(4.8)', 'SA(5)', 'SA(5.5)',
                'SA(6.0)', 'SA(6.5)', 'SA(7.0)', 'SA(7.5)', 'SA(8.0)', 'SA(8.5)', 'SA(9.0)', 'SA(9.5)', 'SA(10.0)', 'DS575', 'DS595', 'PGA', 'PGV'], dtype=str)

corr_matrix = np.array([
    [1, 0.99848, 0.99758, 0.9956, 0.99163, 0.99011, 0.98692, 0.98095, 0.97875, 0.97189, 0.96764, 0.96332, 0.9608, 0.95788, 0.95255, 0.94835, 0.93875, 0.92873, 0.91907, 0.91547, 0.91084, 0.90442, 0.89939, 0.89531, 0.89216, 0.89, 0.88803, 0.88809, 0.88646, 0.89006, 0.88977, 0.89156, 0.89056, 0.88935, 0.8875, 0.88799, 0.88795, 0.88822, 0.88687, 0.87895, 0.87128, 0.86492, 0.85631, 0.85204, 0.84806, 0.83682, 0.82487, 0.81847, 0.81128, 0.79618, 0.78434, 0.77005, 0.75513, 0.74887, 0.74337,
        0.73034, 0.71845, 0.68119, 0.64851, 0.6205, 0.61411, 0.59729, 0.57633, 0.55501, 0.53609, 0.51706, 0.49837, 0.48204, 0.45083, 0.43107, 0.41416, 0.40231, 0.38145, 0.37256, 0.35641, 0.33927, 0.33038, 0.32188, 0.31448, 0.31188, 0.315, 0.31335, 0.30781, 0.30631, 0.30236, 0.29932, 0.29248, 0.28805, 0.27389, 0.26836, 0.26522, 0.26204, 0.2582, 0.24971, 0.24219, 0.22882, 0.21875, 0.20348, 0.2085, 0.19875, 0.21509, 0.21806, 0.20622, 0.19585, 0.2095, -0.4307, -0.3961, 0.99992, 0.65091],
    [0.99848, 1, 0.99961, 0.99823, 0.99499, 0.9938, 0.99119, 0.98572, 0.98359, 0.9771, 0.97291, 0.96881, 0.9664, 0.96362, 0.95862, 0.95445, 0.94522, 0.9352, 0.92559, 0.92193, 0.91713, 0.91044, 0.90478, 0.90017, 0.8966, 0.8941, 0.89184, 0.89111, 0.88842, 0.89093, 0.89037, 0.89135, 0.88922, 0.88737, 0.88485, 0.88454, 0.88411, 0.88435, 0.88247, 0.87403, 0.86603, 0.85939, 0.8503, 0.84598, 0.84191, 0.8301, 0.81773, 0.81128, 0.80403, 0.78869, 0.77686, 0.76244, 0.74694, 0.74063, 0.73511,
        0.72195, 0.70994, 0.67255, 0.63978, 0.61185, 0.60547, 0.58872, 0.5678, 0.54673, 0.52787, 0.50879, 0.48993, 0.47336, 0.44206, 0.42261, 0.40623, 0.39461, 0.37337, 0.36416, 0.3477, 0.33074, 0.32225, 0.31463, 0.30782, 0.30595, 0.30934, 0.30809, 0.30289, 0.3015, 0.29794, 0.29488, 0.28818, 0.28378, 0.26956, 0.26411, 0.26111, 0.25786, 0.25406, 0.24574, 0.23833, 0.22491, 0.2143, 0.19853, 0.20364, 0.19365, 0.21102, 0.21403, 0.202, 0.19174, 0.2066, -0.42988, -0.39749, 0.99834, 0.64576],
    [0.99758, 0.99961, 1, 0.99909, 0.99627, 0.99519, 0.99268, 0.98725, 0.98515, 0.97878, 0.97467, 0.97068, 0.9683, 0.96558, 0.9607, 0.95661, 0.94747, 0.93757, 0.92815, 0.92447, 0.9196, 0.91305, 0.9074, 0.90256, 0.89886, 0.8964, 0.89413, 0.89296, 0.88998, 0.89214, 0.89145, 0.89205, 0.88951, 0.88753, 0.88476, 0.88405, 0.88332, 0.88322, 0.88105, 0.87233, 0.86412, 0.85722, 0.84755, 0.84297, 0.83868, 0.8264, 0.81375, 0.80708, 0.79971, 0.78422, 0.7722, 0.7576, 0.74186, 0.73549, 0.72994,
        0.71671, 0.70468, 0.66725, 0.63417, 0.6062, 0.59993, 0.58333, 0.5625, 0.54128, 0.52238, 0.50321, 0.4842, 0.46747, 0.43609, 0.41682, 0.40058, 0.38911, 0.36793, 0.35867, 0.34271, 0.32595, 0.31757, 0.31018, 0.30349, 0.30191, 0.30553, 0.30442, 0.29935, 0.2983, 0.29502, 0.29207, 0.2854, 0.28109, 0.26694, 0.26165, 0.25893, 0.25595, 0.25251, 0.24437, 0.23707, 0.22398, 0.21345, 0.19779, 0.20336, 0.19352, 0.21069, 0.21359, 0.20166, 0.19134, 0.20624, -0.42731, -0.39693, 0.9974, 0.64199],
    [0.9956, 0.99823, 0.99909, 1, 0.99813, 0.99726, 0.99522, 0.99027, 0.98841, 0.98242, 0.97856, 0.97465, 0.97236, 0.96977, 0.96511, 0.96106, 0.95197, 0.94227, 0.93279, 0.92896, 0.92399, 0.91732, 0.91152, 0.90678, 0.90298, 0.90022, 0.89765, 0.89545, 0.89173, 0.89296, 0.89198, 0.89191, 0.88864, 0.88606, 0.88286, 0.8815, 0.88022, 0.87955, 0.8762, 0.86677, 0.85797, 0.85061, 0.8405, 0.83571, 0.83121, 0.81831, 0.80529, 0.7983, 0.79068, 0.77507, 0.76314, 0.74837, 0.73205, 0.72549, 0.71976,
        0.70628, 0.69414, 0.65671, 0.62332, 0.59509, 0.58888, 0.57229, 0.55144, 0.53015, 0.51154, 0.49252, 0.47341, 0.45669, 0.42551, 0.40706, 0.39114, 0.38009, 0.35914, 0.35012, 0.33422, 0.31773, 0.30971, 0.30262, 0.29637, 0.29535, 0.29942, 0.29851, 0.29363, 0.29275, 0.28986, 0.28702, 0.28062, 0.2764, 0.26246, 0.25769, 0.25563, 0.25281, 0.24975, 0.24185, 0.23447, 0.22194, 0.21152, 0.19582, 0.20134, 0.19155, 0.20826, 0.21108, 0.19914, 0.18888, 0.20427, -0.42391, -0.39517, 0.99535, 0.63429],
    [0.99163, 0.99499, 0.99627, 0.99813, 1, 0.99977, 0.99845, 0.99472, 0.99334, 0.98826, 0.98503, 0.98159, 0.97955, 0.97724, 0.97298, 0.96909, 0.95983, 0.95034, 0.94101, 0.93723, 0.93213, 0.92487, 0.91857, 0.91353, 0.9091, 0.90529, 0.90219, 0.89835, 0.89303, 0.89232, 0.89089, 0.88976, 0.8856, 0.88212, 0.87827, 0.87608, 0.87384, 0.87235, 0.86739, 0.85644, 0.84711, 0.83935, 0.82891, 0.82391, 0.8192, 0.80552, 0.79205, 0.78477, 0.77696, 0.76135, 0.7493, 0.73442, 0.7177, 0.71094, 0.70495,
        0.69083, 0.67844, 0.64049, 0.6073, 0.57888, 0.57274, 0.55623, 0.53504, 0.51333, 0.49476, 0.47577, 0.45663, 0.43998, 0.40885, 0.39153, 0.37613, 0.36533, 0.34424, 0.33562, 0.32006, 0.30382, 0.29646, 0.28927, 0.28401, 0.28398, 0.28824, 0.28791, 0.28371, 0.28328, 0.28078, 0.27759, 0.27142, 0.26729, 0.25349, 0.24971, 0.24812, 0.24547, 0.24255, 0.2349, 0.2277, 0.216, 0.20584, 0.19019, 0.19571, 0.1862, 0.2009, 0.20442, 0.19228, 0.18201, 0.19659, -0.41774, -0.39337, 0.99129, 0.62347],
    [0.99011, 0.9938, 0.99519, 0.99726, 0.99977, 1, 0.99912, 0.99569, 0.99442, 0.98958, 0.98648, 0.98317, 0.98121, 0.97899, 0.9748, 0.97092, 0.96156, 0.95214, 0.94284, 0.93903, 0.93387, 0.92652, 0.92007, 0.91497, 0.91037, 0.90632, 0.90301, 0.8987, 0.89304, 0.89181, 0.89026, 0.88882, 0.88435, 0.88059, 0.87653, 0.87404, 0.87161, 0.87004, 0.86456, 0.85326, 0.84376, 0.83586, 0.82511, 0.82, 0.81516, 0.80129, 0.78779, 0.78047, 0.77266, 0.75711, 0.74495, 0.73001, 0.71319, 0.70639, 0.70035,
        0.68611, 0.67364, 0.63568, 0.60256, 0.57405, 0.56784, 0.55124, 0.5301, 0.50836, 0.48981, 0.4708, 0.4517, 0.43505, 0.40387, 0.38673, 0.37139, 0.36054, 0.3394, 0.33095, 0.31531, 0.29922, 0.29207, 0.28503, 0.28005, 0.28049, 0.28485, 0.28472, 0.28066, 0.28024, 0.2777, 0.2744, 0.26824, 0.26414, 0.25043, 0.24676, 0.24515, 0.24244, 0.23958, 0.23202, 0.22493, 0.21342, 0.2032, 0.1877, 0.19318, 0.18369, 0.19785, 0.20156, 0.18943, 0.17916, 0.19352, -0.41537, -0.3917, 0.98974, 0.61946],
    [0.98692, 0.99119, 0.99268, 0.99522, 0.99845, 0.99912, 1, 0.99782, 0.99676, 0.99237, 0.98952, 0.98642, 0.98462, 0.98258, 0.97864, 0.97497, 0.96571, 0.95635, 0.94707, 0.94329, 0.93816, 0.93079, 0.92389, 0.91866, 0.91369, 0.90903, 0.90517, 0.89978, 0.89333, 0.8909, 0.88917, 0.88731, 0.88233, 0.87798, 0.87345, 0.87038, 0.86761, 0.8656, 0.85929, 0.84703, 0.83704, 0.82866, 0.81733, 0.81205, 0.8071, 0.79298, 0.7791, 0.77152, 0.76342, 0.74769, 0.73528, 0.71993, 0.70283, 0.69594, 0.68979,
        0.67528, 0.66253, 0.62434, 0.59117, 0.56265, 0.55655, 0.54, 0.51902, 0.49721, 0.47873, 0.45975, 0.44059, 0.42375, 0.39259, 0.37581, 0.36078, 0.34999, 0.32887, 0.32075, 0.30512, 0.28928, 0.28254, 0.2753, 0.27094, 0.27207, 0.27664, 0.27693, 0.27339, 0.27305, 0.27059, 0.26746, 0.26133, 0.25732, 0.24386, 0.24013, 0.23863, 0.23575, 0.23309, 0.22594, 0.21935, 0.20789, 0.19735, 0.18158, 0.18677, 0.17755, 0.19133, 0.19532, 0.18305, 0.17282, 0.18676, -0.41082, -0.38806, 0.98648, 0.61089],
    [0.98095, 0.98572, 0.98725, 0.99027, 0.99472, 0.99569, 0.99782, 1, 0.99962, 0.99587, 0.99331, 0.9905, 0.98889, 0.98718, 0.98346, 0.97988, 0.9708, 0.96153, 0.95238, 0.9487, 0.94385, 0.93612, 0.92879, 0.92332, 0.91761, 0.9122, 0.90777, 0.90113, 0.89374, 0.88932, 0.88717, 0.88459, 0.87884, 0.87336, 0.86818, 0.86386, 0.85997, 0.85729, 0.84976, 0.836, 0.82563, 0.81688, 0.80529, 0.79969, 0.79439, 0.77986, 0.76554, 0.75764, 0.74918, 0.73296, 0.72019, 0.7045, 0.68722, 0.68042, 0.67445,
        0.65968, 0.64654, 0.60758, 0.57434, 0.54566, 0.53953, 0.52279, 0.50169, 0.48027, 0.46224, 0.44328, 0.42414, 0.40747, 0.37578, 0.35929, 0.34444, 0.334, 0.31305, 0.30553, 0.28985, 0.27482, 0.26883, 0.26171, 0.25858, 0.2608, 0.266, 0.26684, 0.26371, 0.2631, 0.26064, 0.25778, 0.25175, 0.24789, 0.23449, 0.23055, 0.22912, 0.22648, 0.22416, 0.21741, 0.21093, 0.19943, 0.18881, 0.17262, 0.17766, 0.16881, 0.18204, 0.18648, 0.17429, 0.16366, 0.17565, -0.40455, -0.38419, 0.98041, 0.59838],
    [0.97875, 0.98359, 0.98515, 0.98841, 0.99334, 0.99442, 0.99676, 0.99962, 1, 0.9969, 0.99448, 0.99184, 0.99034, 0.9887, 0.98511, 0.98152, 0.9725, 0.96332, 0.95421, 0.95058, 0.94574, 0.93785, 0.93032, 0.92486, 0.91904, 0.91345, 0.90888, 0.90192, 0.89416, 0.88901, 0.88672, 0.8839, 0.87789, 0.87212, 0.86661, 0.86182, 0.85745, 0.85449, 0.8464, 0.83208, 0.82141, 0.81239, 0.80056, 0.79479, 0.78935, 0.77466, 0.76015, 0.75213, 0.74352, 0.72725, 0.71443, 0.69856, 0.68118, 0.67432, 0.66831,
        0.65352, 0.64029, 0.60115, 0.5678, 0.53899, 0.53283, 0.51613, 0.49509, 0.4737, 0.4558, 0.43704, 0.41799, 0.40142, 0.36971, 0.35352, 0.33878, 0.32836, 0.30729, 0.29998, 0.28425, 0.26946, 0.26373, 0.25671, 0.25414, 0.25674, 0.26222, 0.2632, 0.26018, 0.25955, 0.25711, 0.25415, 0.24821, 0.24436, 0.23103, 0.22703, 0.22555, 0.22285, 0.22057, 0.21387, 0.20738, 0.19594, 0.18536, 0.16925, 0.17433, 0.16572, 0.17862, 0.18315, 0.17102, 0.16036, 0.17167, -0.40258, -0.38275, 0.97817, 0.59317],
    [0.97189, 0.9771, 0.97878, 0.98242, 0.98826, 0.98958, 0.99237, 0.99587, 0.9969, 1, 0.99865, 0.99641, 0.99508, 0.99359, 0.99043, 0.98738, 0.97945, 0.97079, 0.96189, 0.95848, 0.95376, 0.94566, 0.93768, 0.93192, 0.92526, 0.91893, 0.91388, 0.90542, 0.89637, 0.88977, 0.88708, 0.88351, 0.87613, 0.86913, 0.86217, 0.8561, 0.85066, 0.84655, 0.83647, 0.82044, 0.80928, 0.79989, 0.78715, 0.78101, 0.7752, 0.75942, 0.74431, 0.73616, 0.72734, 0.71085, 0.69783, 0.68163, 0.66368, 0.65653, 0.65033,
        0.63533, 0.62182, 0.58209, 0.54785, 0.51917, 0.51305, 0.49606, 0.47477, 0.45354, 0.43589, 0.41755, 0.39842, 0.38198, 0.35062, 0.33467, 0.32033, 0.30996, 0.28857, 0.28095, 0.26465, 0.25029, 0.24496, 0.23816, 0.23636, 0.24026, 0.24622, 0.24789, 0.24568, 0.24499, 0.24279, 0.24, 0.23447, 0.23113, 0.21835, 0.21469, 0.21367, 0.21078, 0.20872, 0.20222, 0.19619, 0.18416, 0.17389, 0.15806, 0.16325, 0.15513, 0.16613, 0.17156, 0.15918, 0.14833, 0.15678, -0.39581, -0.37634, 0.9712, 0.57716],
    [0.96764, 0.97291, 0.97467, 0.97856, 0.98503, 0.98648, 0.98952, 0.99331, 0.99448, 0.99865, 1, 0.99877, 0.99763, 0.9963, 0.99344, 0.99061, 0.98298, 0.97435, 0.96547, 0.96202, 0.95709, 0.94891, 0.94066, 0.93495, 0.92836, 0.92164, 0.91621, 0.90697, 0.89724, 0.89011, 0.88723, 0.88317, 0.87525, 0.86749, 0.86001, 0.85328, 0.84687, 0.84216, 0.83118, 0.81425, 0.80254, 0.79256, 0.77937, 0.77297, 0.76711, 0.75084, 0.73533, 0.72696, 0.71785, 0.7009, 0.68745, 0.67078, 0.65251, 0.64524, 0.639,
        0.62389, 0.61027, 0.56994, 0.53571, 0.50732, 0.50137, 0.48425, 0.46313, 0.44203, 0.4246, 0.40655, 0.38751, 0.3713, 0.34042, 0.32464, 0.31042, 0.30014, 0.27843, 0.27133, 0.25521, 0.24109, 0.23608, 0.22931, 0.22823, 0.23284, 0.23886, 0.24084, 0.23911, 0.23875, 0.2366, 0.23381, 0.22851, 0.22534, 0.21288, 0.209, 0.20819, 0.20524, 0.20313, 0.19671, 0.1908, 0.17812, 0.16746, 0.15167, 0.15657, 0.1483, 0.15879, 0.16502, 0.15268, 0.14186, 0.14894, -0.39289, -0.37401, 0.96689, 0.56757],
    [0.96332, 0.96881, 0.97068, 0.97465, 0.98159, 0.98317, 0.98642, 0.9905, 0.99184, 0.99641, 0.99877, 1, 0.99959, 0.99865, 0.99602, 0.99326, 0.98626, 0.978, 0.96922, 0.96582, 0.96077, 0.95234, 0.94403, 0.93825, 0.93157, 0.92467, 0.9189, 0.90927, 0.89904, 0.89098, 0.88783, 0.88309, 0.87497, 0.86682, 0.85876, 0.85149, 0.8444, 0.83917, 0.82709, 0.80942, 0.79729, 0.78686, 0.77271, 0.76598, 0.76008, 0.74363, 0.72749, 0.71875, 0.70936, 0.69224, 0.67858, 0.66161, 0.64301, 0.63553, 0.62907,
        0.61366, 0.6, 0.55906, 0.52457, 0.49609, 0.49021, 0.47317, 0.45192, 0.43067, 0.41332, 0.39556, 0.37662, 0.36043, 0.32978, 0.31432, 0.30036, 0.29062, 0.26901, 0.26186, 0.24604, 0.2321, 0.22738, 0.2207, 0.22006, 0.22493, 0.23077, 0.23292, 0.23156, 0.2312, 0.22917, 0.22636, 0.22106, 0.2181, 0.2057, 0.20178, 0.20112, 0.19838, 0.19619, 0.18992, 0.18441, 0.17166, 0.16096, 0.14579, 0.15031, 0.14228, 0.15291, 0.15917, 0.14688, 0.13603, 0.14181, -0.38836, -0.36982, 0.96251, 0.55748],
    [0.9608, 0.9664, 0.9683, 0.97236, 0.97955, 0.98121, 0.98462, 0.98889, 0.99034, 0.99508, 0.99763, 0.99959, 1, 0.99956, 0.99722, 0.99453, 0.9878, 0.97982, 0.97126, 0.96786, 0.96272, 0.9542, 0.94583, 0.94003, 0.93338, 0.92622, 0.92038, 0.91057, 0.90002, 0.89136, 0.88804, 0.88289, 0.87458, 0.86622, 0.85783, 0.85009, 0.84264, 0.83712, 0.82456, 0.80634, 0.79394, 0.78331, 0.76861, 0.76167, 0.75564, 0.73896, 0.72249, 0.71359, 0.70406, 0.68693, 0.67325, 0.65621, 0.63752, 0.62994, 0.62332,
        0.6077, 0.59397, 0.55283, 0.51815, 0.48939, 0.48354, 0.46652, 0.44504, 0.42374, 0.40653, 0.38886, 0.36992, 0.35373, 0.32316, 0.30786, 0.29394, 0.28442, 0.26298, 0.25577, 0.23994, 0.22623, 0.22173, 0.21511, 0.21469, 0.21983, 0.22564, 0.22792, 0.22682, 0.22646, 0.22449, 0.22176, 0.21665, 0.21379, 0.20138, 0.19734, 0.19669, 0.19407, 0.1918, 0.18554, 0.1802, 0.16752, 0.15704, 0.14264, 0.14696, 0.13901, 0.14967, 0.15579, 0.1438, 0.13316, 0.1385, -0.38578, -0.36787, 0.95993, 0.55156],
    [0.95788, 0.96362, 0.96558, 0.96977, 0.97724, 0.97899, 0.98258, 0.98718, 0.9887, 0.99359, 0.9963, 0.99865, 0.99956, 1, 0.99848, 0.99595, 0.98931, 0.98161, 0.97327, 0.96985, 0.96473, 0.95606, 0.94763, 0.94173, 0.93497, 0.92754, 0.92153, 0.91154, 0.90075, 0.89144, 0.88793, 0.88236, 0.87375, 0.86511, 0.85642, 0.84831, 0.84064, 0.83491, 0.82191, 0.80305, 0.79041, 0.77954, 0.76442, 0.75734, 0.75125, 0.73436, 0.7174, 0.70827, 0.69857, 0.68118, 0.66744, 0.65035, 0.63145, 0.62375, 0.61706,
        0.60136, 0.58767, 0.54638, 0.51164, 0.48272, 0.47688, 0.45982, 0.43823, 0.41698, 0.39983, 0.38218, 0.36314, 0.34688, 0.31638, 0.30142, 0.28757, 0.27831, 0.257, 0.24974, 0.23401, 0.2205, 0.21622, 0.20963, 0.20951, 0.21504, 0.2209, 0.22331, 0.22232, 0.22199, 0.22021, 0.21758, 0.2126, 0.20989, 0.19755, 0.19295, 0.19224, 0.18956, 0.18727, 0.18112, 0.17595, 0.16335, 0.15292, 0.13877, 0.14292, 0.13514, 0.14633, 0.15233, 0.14041, 0.12972, 0.13469, -0.38361, -0.36609, 0.95698, 0.54567],
    [0.95255, 0.95862, 0.9607, 0.96511, 0.97298, 0.9748, 0.97864, 0.98346, 0.98511, 0.99043, 0.99344, 0.99602, 0.99722, 0.99848, 1, 0.99863, 0.99203, 0.98455, 0.97625, 0.97277, 0.96764, 0.95881, 0.95026, 0.94404, 0.9372, 0.92943, 0.92306, 0.91234, 0.90127, 0.89123, 0.88753, 0.88137, 0.87213, 0.86283, 0.85395, 0.84546, 0.83723, 0.83056, 0.81691, 0.79722, 0.7841, 0.77293, 0.75744, 0.75021, 0.74402, 0.72671, 0.70952, 0.70023, 0.69038, 0.67274, 0.65857, 0.64105, 0.62172, 0.61377, 0.60675,
        0.59075, 0.57698, 0.53541, 0.50029, 0.47149, 0.46571, 0.44862, 0.4271, 0.40598, 0.389, 0.37153, 0.35236, 0.33588, 0.30545, 0.29084, 0.2775, 0.26856, 0.24715, 0.23988, 0.22457, 0.21116, 0.20729, 0.2007, 0.20137, 0.20711, 0.21299, 0.21563, 0.21454, 0.21442, 0.21291, 0.21031, 0.20527, 0.20273, 0.19062, 0.18598, 0.18511, 0.18239, 0.17995, 0.17388, 0.16886, 0.15649, 0.14593, 0.13192, 0.13602, 0.12803, 0.14042, 0.1459, 0.13396, 0.12386, 0.12897, -0.3788, -0.36205, 0.9516, 0.53509],
    [0.94835, 0.95445, 0.95661, 0.96106, 0.96909, 0.97092, 0.97497, 0.97988, 0.98152, 0.98738, 0.99061, 0.99326, 0.99453, 0.99595, 0.99863, 1, 0.99457, 0.98719, 0.97912, 0.97569, 0.97063, 0.96192, 0.95313, 0.94669, 0.93974, 0.93172, 0.92496, 0.91361, 0.90209, 0.89138, 0.8875, 0.8811, 0.87153, 0.86194, 0.85247, 0.84372, 0.8349, 0.82722, 0.81268, 0.7923, 0.77858, 0.76698, 0.75114, 0.74387, 0.73757, 0.71997, 0.70271, 0.69335, 0.68338, 0.66552, 0.65083, 0.63285, 0.6131, 0.60499, 0.59783,
        0.58182, 0.56791, 0.52595, 0.49072, 0.46218, 0.45662, 0.43964, 0.41801, 0.397, 0.3802, 0.36295, 0.34376, 0.32739, 0.2969, 0.28181, 0.26852, 0.25957, 0.23824, 0.23116, 0.21661, 0.2032, 0.19937, 0.19236, 0.19341, 0.19926, 0.20521, 0.20818, 0.20754, 0.20786, 0.20654, 0.20413, 0.19911, 0.19675, 0.1851, 0.18048, 0.1795, 0.17678, 0.17442, 0.1683, 0.16312, 0.15083, 0.14012, 0.12616, 0.13035, 0.12199, 0.13406, 0.13999, 0.12853, 0.11875, 0.12362, -0.37578, -0.36121, 0.94734, 0.52604],
    [0.93875, 0.94522, 0.94747, 0.95197, 0.95983, 0.96156, 0.96571, 0.9708, 0.9725, 0.97945, 0.98298, 0.98626, 0.9878, 0.98931, 0.99203, 0.99457, 1, 0.99415, 0.98671, 0.98349, 0.97847, 0.9697, 0.96065, 0.95377, 0.9462, 0.93789, 0.93101, 0.91885, 0.90594, 0.89388, 0.88961, 0.88244, 0.87113, 0.86014, 0.84861, 0.83928, 0.82944, 0.8206, 0.80431, 0.78299, 0.76838, 0.75639, 0.74017, 0.73263, 0.72564, 0.70627, 0.68841, 0.67886, 0.66857, 0.65045, 0.63539, 0.61675, 0.5959, 0.58732, 0.57977,
        0.56334, 0.54893, 0.50591, 0.46873, 0.43931, 0.43375, 0.41675, 0.39502, 0.37407, 0.35732, 0.34047, 0.32134, 0.30464, 0.27418, 0.25832, 0.24494, 0.23627, 0.21612, 0.20925, 0.19573, 0.18259, 0.17879, 0.17132, 0.17282, 0.17981, 0.18598, 0.18917, 0.18926, 0.1904, 0.18901, 0.18734, 0.18288, 0.18128, 0.17034, 0.16704, 0.16621, 0.16382, 0.16146, 0.15594, 0.15119, 0.14024, 0.1292, 0.11516, 0.1193, 0.11094, 0.1196, 0.12594, 0.11547, 0.10653, 0.11061, -0.37267, -0.35709, 0.93758, 0.50344],
    [0.92873, 0.9352, 0.93757, 0.94227, 0.95034, 0.95214, 0.95635, 0.96153, 0.96332, 0.97079, 0.97435, 0.978, 0.97982, 0.98161, 0.98455, 0.98719, 0.99415, 1, 0.99424, 0.99126, 0.98662, 0.97835, 0.96923, 0.96221, 0.95408, 0.94524, 0.93838, 0.92504, 0.91041, 0.89663, 0.89211, 0.88424, 0.87136, 0.85873, 0.84617, 0.83533, 0.82375, 0.81364, 0.79549, 0.77312, 0.75765, 0.74498, 0.72687, 0.71825, 0.71061, 0.69075, 0.67289, 0.66313, 0.65202, 0.63322, 0.61763, 0.5983, 0.57719, 0.56864, 0.56127,
        0.54495, 0.53043, 0.48598, 0.44818, 0.41881, 0.41299, 0.39567, 0.37327, 0.35229, 0.33583, 0.3188, 0.29972, 0.28286, 0.25205, 0.23674, 0.22326, 0.21425, 0.19462, 0.18883, 0.17638, 0.16415, 0.1604, 0.15239, 0.15503, 0.16301, 0.16982, 0.17337, 0.1744, 0.17648, 0.17517, 0.1748, 0.17123, 0.17032, 0.16031, 0.15706, 0.15631, 0.15423, 0.15253, 0.1476, 0.14339, 0.13347, 0.12246, 0.10992, 0.11393, 0.10557, 0.11158, 0.11752, 0.1061, 0.097258, 0.10239, -0.36431, -0.34933, 0.9274, 0.48284],
    [0.91907, 0.92559, 0.92815, 0.93279, 0.94101, 0.94284, 0.94707, 0.95238, 0.95421, 0.96189, 0.96547, 0.96922, 0.97126, 0.97327, 0.97625, 0.97912, 0.98671, 0.99424, 1, 0.99861, 0.99422, 0.98559, 0.97647, 0.96844, 0.95979, 0.95082, 0.94341, 0.92921, 0.91382, 0.89869, 0.89369, 0.88462, 0.87139, 0.85753, 0.84381, 0.83196, 0.81929, 0.80793, 0.78882, 0.76454, 0.74832, 0.73502, 0.71601, 0.70673, 0.69882, 0.67821, 0.66013, 0.65044, 0.63922, 0.61968, 0.60352, 0.58373, 0.56214, 0.55348, 0.5463,
        0.53042, 0.51595, 0.47041, 0.43206, 0.40205, 0.39627, 0.37904, 0.35622, 0.33529, 0.31906, 0.30253, 0.28411, 0.26773, 0.23708, 0.22184, 0.20883, 0.2, 0.18033, 0.17433, 0.16282, 0.15114, 0.14736, 0.1404, 0.14432, 0.15269, 0.15909, 0.16257, 0.16411, 0.1674, 0.16605, 0.16645, 0.16389, 0.16345, 0.15408, 0.15132, 0.15028, 0.14769, 0.14605, 0.14171, 0.13785, 0.12882, 0.11831, 0.10492, 0.10913, 0.10117, 0.10523, 0.11118, 0.099303, 0.09022, 0.094413, -0.35555, -0.34093, 0.91767, 0.4658],
    [0.91547, 0.92193, 0.92447, 0.92896, 0.93723, 0.93903, 0.94329, 0.9487, 0.95058, 0.95848, 0.96202, 0.96582, 0.96786, 0.96985, 0.97277, 0.97569, 0.98349, 0.99126, 0.99861, 1, 0.99726, 0.98896, 0.97996, 0.97169, 0.96288, 0.95355, 0.94568, 0.93084, 0.91539, 0.89957, 0.89442, 0.88521, 0.87166, 0.85728, 0.84296, 0.8308, 0.8179, 0.80644, 0.78712, 0.76211, 0.74585, 0.73225, 0.71289, 0.70344, 0.69534, 0.67467, 0.6566, 0.64687, 0.63547, 0.61576, 0.59943, 0.57927, 0.55739, 0.54863, 0.54143,
        0.52547, 0.51082, 0.46521, 0.42669, 0.39682, 0.39094, 0.37385, 0.35089, 0.32984, 0.31384, 0.29733, 0.2792, 0.26298, 0.23209, 0.2171, 0.20417, 0.19566, 0.17584, 0.16974, 0.15874, 0.14735, 0.14366, 0.13688, 0.14134, 0.15009, 0.1568, 0.16036, 0.16177, 0.16523, 0.16377, 0.16442, 0.16189, 0.16152, 0.15221, 0.14906, 0.14806, 0.14565, 0.14384, 0.13934, 0.1355, 0.1264, 0.11601, 0.10193, 0.10629, 0.098175, 0.10185, 0.1075, 0.095275, 0.08607, 0.089744, -0.35231, -0.33872, 0.91407, 0.46027],
    [0.91084, 0.91713, 0.9196, 0.92399, 0.93213, 0.93387, 0.93816, 0.94385, 0.94574, 0.95376, 0.95709, 0.96077, 0.96272, 0.96473, 0.96764, 0.97063, 0.97847, 0.98662, 0.99422, 0.99726, 1, 0.99398, 0.98514, 0.97695, 0.96775, 0.95799, 0.94939, 0.93366, 0.91772, 0.90124, 0.89585, 0.88624, 0.87196, 0.85685, 0.84211, 0.82938, 0.81636, 0.80476, 0.785, 0.75895, 0.74251, 0.72876, 0.70944, 0.69994, 0.69146, 0.67071, 0.65268, 0.64298, 0.63131, 0.6111, 0.59436, 0.57366, 0.55182, 0.54311, 0.53588,
        0.51973, 0.50483, 0.45882, 0.42005, 0.39024, 0.38419, 0.3669, 0.34351, 0.32277, 0.30692, 0.29074, 0.27258, 0.25616, 0.22512, 0.2094, 0.19609, 0.18824, 0.16836, 0.16238, 0.15163, 0.14057, 0.13708, 0.13056, 0.13572, 0.14478, 0.15196, 0.15583, 0.15765, 0.16147, 0.16018, 0.16121, 0.15834, 0.15813, 0.14901, 0.14608, 0.14532, 0.14308, 0.14122, 0.13653, 0.13323, 0.12408, 0.11413, 0.099325, 0.10366, 0.09522, 0.098975, 0.10393, 0.091987, 0.082574, 0.0861, -0.34778, -0.33322, 0.90943, 0.45302],
    [0.90442, 0.91044, 0.91305, 0.91732, 0.92487, 0.92652, 0.93079, 0.93612, 0.93785, 0.94566, 0.94891, 0.95234, 0.9542, 0.95606, 0.95881, 0.96192, 0.9697, 0.97835, 0.98559, 0.98896, 0.99398, 1, 0.99394, 0.98567, 0.97617, 0.96617, 0.95713, 0.94078, 0.92344, 0.9059, 0.90033, 0.89028, 0.87511, 0.85907, 0.8437, 0.83018, 0.8169, 0.80472, 0.78423, 0.7575, 0.74062, 0.72672, 0.70672, 0.69679, 0.6877, 0.66599, 0.64723, 0.63717, 0.62495, 0.60406, 0.58664, 0.56554, 0.54396, 0.53538, 0.52819,
        0.51195, 0.49645, 0.44873, 0.40921, 0.3796, 0.37343, 0.3564, 0.33301, 0.31217, 0.29621, 0.27995, 0.26174, 0.24522, 0.21525, 0.19914, 0.18522, 0.17753, 0.15816, 0.15236, 0.14272, 0.13216, 0.12915, 0.12274, 0.12729, 0.1364, 0.1435, 0.14732, 0.15026, 0.15495, 0.15447, 0.15604, 0.15319, 0.15324, 0.14434, 0.14124, 0.14091, 0.13896, 0.13764, 0.13334, 0.13039, 0.12152, 0.1108, 0.095358, 0.099351, 0.090417, 0.094891, 0.099403, 0.088512, 0.079656, 0.084861, -0.33959, -0.3251, 0.90291, 0.4407],
    [0.89939, 0.90478, 0.9074, 0.91152, 0.91857, 0.92007, 0.92389, 0.92879, 0.93032, 0.93768, 0.94066, 0.94403, 0.94583, 0.94763, 0.95026, 0.95313, 0.96065, 0.96923, 0.97647, 0.97996, 0.98514, 0.99394, 1, 0.99374, 0.98414, 0.97412, 0.96482, 0.94683, 0.92867, 0.91045, 0.90464, 0.89375, 0.87816, 0.86163, 0.84564, 0.83202, 0.81844, 0.80639, 0.7851, 0.75764, 0.74022, 0.72582, 0.70455, 0.69373, 0.68421, 0.66251, 0.64333, 0.63293, 0.62056, 0.59916, 0.58115, 0.55955, 0.53814, 0.52966, 0.52254,
        0.50635, 0.4908, 0.44238, 0.40249, 0.3721, 0.36588, 0.34954, 0.32728, 0.30661, 0.29086, 0.27442, 0.25606, 0.23946, 0.21018, 0.19455, 0.18051, 0.17354, 0.1546, 0.14904, 0.13942, 0.12873, 0.12609, 0.11966, 0.12359, 0.13354, 0.14174, 0.14509, 0.1477, 0.15223, 0.15142, 0.15334, 0.15099, 0.15126, 0.14229, 0.14045, 0.1407, 0.13882, 0.13721, 0.133, 0.13002, 0.12176, 0.11116, 0.094839, 0.099427, 0.09097, 0.095301, 0.10037, 0.088684, 0.079914, 0.085385, -0.33378, -0.31599, 0.89783, 0.43095],
    [0.89531, 0.90017, 0.90256, 0.90678, 0.91353, 0.91497, 0.91866, 0.92332, 0.92486, 0.93192, 0.93495, 0.93825, 0.94003, 0.94173, 0.94404, 0.94669, 0.95377, 0.96221, 0.96844, 0.97169, 0.97695, 0.98567, 0.99374, 1, 0.99373, 0.98378, 0.97426, 0.95479, 0.9357, 0.91685, 0.91078, 0.90003, 0.88456, 0.86776, 0.85141, 0.83749, 0.82355, 0.81129, 0.78885, 0.76002, 0.74198, 0.72681, 0.70454, 0.69289, 0.68265, 0.66008, 0.64046, 0.62992, 0.6176, 0.59593, 0.5778, 0.55645, 0.53498, 0.5263, 0.51901, 0.50219,
        0.48643, 0.43802, 0.39773, 0.36726, 0.36115, 0.34455, 0.32365, 0.3031, 0.28719, 0.27025, 0.25142, 0.23493, 0.20654, 0.19148, 0.17763, 0.17115, 0.15253, 0.14627, 0.13593, 0.12445, 0.12149, 0.11492, 0.11854, 0.12884, 0.13745, 0.14088, 0.14339, 0.14745, 0.14699, 0.14862, 0.14632, 0.14668, 0.13701, 0.13431, 0.13426, 0.13257, 0.13125, 0.12759, 0.12505, 0.11706, 0.10619, 0.089046, 0.093671, 0.085402, 0.090854, 0.095424, 0.083272, 0.074873, 0.080356, -0.33193, -0.31202, 0.89373, 0.42424],
    [0.89216, 0.8966, 0.89886, 0.90298, 0.9091, 0.91037, 0.91369, 0.91761, 0.91904, 0.92526, 0.92836, 0.93157, 0.93338, 0.93497, 0.9372, 0.93974, 0.9462, 0.95408, 0.95979, 0.96288, 0.96775, 0.97617, 0.98414, 0.99373, 1, 0.99393, 0.98458, 0.96447, 0.94468, 0.92614, 0.92, 0.90851, 0.89252, 0.87552, 0.85886, 0.84429, 0.82998, 0.81713, 0.7943, 0.76453, 0.74604, 0.73031, 0.70722, 0.69548, 0.68476, 0.66072, 0.6405, 0.62972, 0.61693, 0.59437, 0.57566, 0.5542, 0.53269, 0.52389, 0.51649, 0.4997,
        0.48433, 0.43628, 0.39599, 0.36529, 0.35886, 0.34181, 0.32112, 0.3004, 0.28471, 0.26789, 0.24951, 0.23355, 0.20543, 0.19029, 0.17637, 0.17026, 0.15161, 0.14563, 0.13483, 0.12217, 0.11902, 0.11205, 0.11468, 0.12518, 0.13464, 0.13816, 0.14006, 0.14341, 0.14307, 0.14437, 0.14182, 0.14195, 0.13156, 0.12813, 0.1281, 0.12641, 0.12561, 0.12228, 0.12025, 0.11255, 0.10221, 0.085351, 0.09019, 0.081958, 0.089591, 0.094753, 0.082555, 0.074492, 0.08024, -0.3313, -0.30863, 0.89069, 0.41711],
    [0.89, 0.8941, 0.8964, 0.90022, 0.90529, 0.90632, 0.90903, 0.9122, 0.91345, 0.91893, 0.92164, 0.92467, 0.92622, 0.92754, 0.92943, 0.93172, 0.93789, 0.94524, 0.95082, 0.95355, 0.95799, 0.96617, 0.97412, 0.98378, 0.99393, 1, 0.99439, 0.97456, 0.95455, 0.93556, 0.92934, 0.91712, 0.90114, 0.88387, 0.86642, 0.85122, 0.83585, 0.82263, 0.80028, 0.76993, 0.7512, 0.73492, 0.7112, 0.69945, 0.68849, 0.66328, 0.64273, 0.63167, 0.61843, 0.5949, 0.57572, 0.55434, 0.53294, 0.52395, 0.51627, 0.49956,
        0.48425, 0.43618, 0.39565, 0.36586, 0.35973, 0.34237, 0.32124, 0.30015, 0.28492, 0.26728, 0.2483, 0.23249, 0.2041, 0.18886, 0.17493, 0.16871, 0.15003, 0.14378, 0.13287, 0.1199, 0.11661, 0.11105, 0.11376, 0.1238, 0.13378, 0.13696, 0.1382, 0.14056, 0.14018, 0.14169, 0.13894, 0.13919, 0.12895, 0.12543, 0.12517, 0.12329, 0.12261, 0.11952, 0.11752, 0.11005, 0.1007, 0.084379, 0.089573, 0.081613, 0.091343, 0.097907, 0.086385, 0.078098, 0.082824, -0.33155, -0.30689, 0.88869, 0.41335],
    [0.88803, 0.89184, 0.89413, 0.89765, 0.90219, 0.90301, 0.90517, 0.90777, 0.90888, 0.91388, 0.91621, 0.9189, 0.92038, 0.92153, 0.92306, 0.92496, 0.93101, 0.93838, 0.94341, 0.94568, 0.94939, 0.95713, 0.96482, 0.97426, 0.98458, 0.99439, 1, 0.98449, 0.96439, 0.94536, 0.93939, 0.92663, 0.90994, 0.89239, 0.87494, 0.85959, 0.84412, 0.83077, 0.80817, 0.77708, 0.75825, 0.74213, 0.71746, 0.7056, 0.69418, 0.66822, 0.64729, 0.63609, 0.62277, 0.59887, 0.57915, 0.55799, 0.53669, 0.52761, 0.51951,
        0.50253, 0.48693, 0.43872, 0.39665, 0.36694, 0.36114, 0.3438, 0.32174, 0.30072, 0.28577, 0.26765, 0.248, 0.2314, 0.20286, 0.18783, 0.17407, 0.16769, 0.14912, 0.14228, 0.13104, 0.11779, 0.11427, 0.10888, 0.11132, 0.12147, 0.13135, 0.13421, 0.13507, 0.13779, 0.13868, 0.14087, 0.13803, 0.13847, 0.12795, 0.12469, 0.12423, 0.12231, 0.1226, 0.12021, 0.11892, 0.11304, 0.10472, 0.089141, 0.094304, 0.086699, 0.097758, 0.10541, 0.094088, 0.086182, 0.090458, -0.33422, -0.30535, 0.88686, 0.41394],
    [0.88809, 0.89111, 0.89296, 0.89545, 0.89835, 0.8987, 0.89978, 0.90113, 0.90192, 0.90542, 0.90697, 0.90927, 0.91057, 0.91154, 0.91234, 0.91361, 0.91885, 0.92504, 0.92921, 0.93084, 0.93366, 0.94078, 0.94683, 0.95479, 0.96447, 0.97456, 0.98449, 1, 0.98489, 0.96487, 0.9591, 0.94605, 0.92945, 0.91175, 0.89396, 0.87887, 0.86295, 0.84913, 0.82594, 0.79339, 0.77405, 0.75832, 0.73302, 0.72076, 0.70909, 0.68336, 0.66166, 0.65023, 0.63666, 0.61085, 0.59126, 0.5701, 0.54894, 0.54001, 0.53214,
        0.51533, 0.4989, 0.45051, 0.40894, 0.37879, 0.37245, 0.35469, 0.33065, 0.3085, 0.29283, 0.27505, 0.25589, 0.23929, 0.21068, 0.19496, 0.18122, 0.17488, 0.15704, 0.15066, 0.1386, 0.12444, 0.11996, 0.11468, 0.11488, 0.12373, 0.13169, 0.13405, 0.1354, 0.13872, 0.13938, 0.1423, 0.13934, 0.13978, 0.12868, 0.12653, 0.12605, 0.12385, 0.124, 0.12144, 0.11966, 0.11484, 0.10698, 0.092954, 0.099191, 0.092644, 0.10699, 0.11397, 0.10362, 0.095825, 0.10113, -0.34254, -0.30379, 0.88703, 0.41866],
    [0.88646, 0.88842, 0.88998, 0.89173, 0.89303, 0.89304, 0.89333, 0.89374, 0.89416, 0.89637, 0.89724, 0.89904, 0.90002, 0.90075, 0.90127, 0.90209, 0.90594, 0.91041, 0.91382, 0.91539, 0.91772, 0.92344, 0.92867, 0.9357, 0.94468, 0.95455, 0.96439, 0.98489, 1, 0.98537, 0.97953, 0.9662, 0.94826, 0.92987, 0.91182, 0.89553, 0.87883, 0.86534, 0.84064, 0.80624, 0.7871, 0.77157, 0.74562, 0.73243, 0.72013, 0.69441, 0.67262, 0.66113, 0.6474, 0.62146, 0.60202, 0.58048, 0.55912, 0.55026, 0.54241,
        0.52532, 0.50865, 0.46084, 0.41941, 0.38905, 0.38239, 0.36467, 0.33982, 0.31682, 0.29864, 0.27899, 0.2597, 0.24304, 0.2157, 0.19998, 0.18571, 0.17864, 0.16038, 0.15364, 0.14156, 0.1278, 0.12219, 0.11518, 0.11415, 0.12197, 0.12967, 0.13137, 0.13062, 0.13334, 0.13324, 0.13666, 0.1343, 0.13444, 0.12321, 0.1209, 0.12061, 0.11916, 0.11907, 0.11615, 0.1157, 0.11203, 0.10555, 0.093357, 0.10105, 0.094546, 0.11036, 0.11601, 0.10784, 0.10008, 0.10559, -0.3487, -0.30966, 0.88546, 0.42464],
    [0.89006, 0.89093, 0.89214, 0.89296, 0.89232, 0.89181, 0.8909, 0.88932, 0.88901, 0.88977, 0.89011, 0.89098, 0.89136, 0.89144, 0.89123, 0.89138, 0.89388, 0.89663, 0.89869, 0.89957, 0.90124, 0.9059, 0.91045, 0.91685, 0.92614, 0.93556, 0.94536, 0.96487, 0.98537, 1, 0.99801, 0.98681, 0.968, 0.95023, 0.93301, 0.91713, 0.90067, 0.88755, 0.86276, 0.82881, 0.81029, 0.79528, 0.76936, 0.75555, 0.74248, 0.71656, 0.69458, 0.68282, 0.66914, 0.64394, 0.62473, 0.60288, 0.58163, 0.57301, 0.56541,
        0.54872, 0.53248, 0.48573, 0.44328, 0.41369, 0.40703, 0.38984, 0.36544, 0.34238, 0.32297, 0.30238, 0.28226, 0.26531, 0.23725, 0.21949, 0.20443, 0.19785, 0.18052, 0.17283, 0.16067, 0.14659, 0.13997, 0.13152, 0.12986, 0.13646, 0.14386, 0.1448, 0.14214, 0.14453, 0.14441, 0.14712, 0.14398, 0.14393, 0.13192, 0.1276, 0.12725, 0.12584, 0.12554, 0.12228, 0.12186, 0.1198, 0.1144, 0.10133, 0.1088, 0.10283, 0.12299, 0.12759, 0.11912, 0.11143, 0.11751, -0.36098, -0.32322, 0.88933, 0.44349],
    [0.88977, 0.89037, 0.89145, 0.89198, 0.89089, 0.89026, 0.88917, 0.88717, 0.88672, 0.88708, 0.88723, 0.88783, 0.88804, 0.88793, 0.88753, 0.8875, 0.88961, 0.89211, 0.89369, 0.89442, 0.89585, 0.90033, 0.90464, 0.91078, 0.92, 0.92934, 0.93939, 0.9591, 0.97953, 0.99801, 1, 0.99239, 0.97382, 0.956, 0.93917, 0.92345, 0.90712, 0.89379, 0.86848, 0.83454, 0.81629, 0.80149, 0.77544, 0.76162, 0.7484, 0.72239, 0.70031, 0.68856, 0.67485, 0.64977, 0.63034, 0.60824, 0.58685, 0.57816, 0.57044,
        0.55382, 0.53766, 0.49091, 0.44822, 0.41854, 0.41189, 0.3946, 0.37001, 0.3467, 0.32734, 0.30691, 0.28675, 0.26988, 0.24165, 0.22367, 0.20819, 0.20165, 0.18495, 0.1773, 0.16518, 0.1509, 0.14375, 0.13482, 0.13264, 0.13864, 0.1455, 0.14621, 0.14353, 0.14634, 0.14616, 0.14864, 0.14566, 0.14556, 0.13318, 0.12872, 0.12846, 0.12699, 0.12674, 0.12372, 0.12333, 0.12171, 0.11698, 0.10463, 0.11259, 0.10669, 0.12745, 0.13233, 0.12364, 0.11625, 0.12299, -0.36478, -0.32748, 0.88909, 0.44705],
    [0.89156, 0.89135, 0.89205, 0.89191, 0.88976, 0.88882, 0.88731, 0.88459, 0.8839, 0.88351, 0.88317, 0.88309, 0.88289, 0.88236, 0.88137, 0.8811, 0.88244, 0.88424, 0.88462, 0.88521, 0.88624, 0.89028, 0.89375, 0.90003, 0.90851, 0.91712, 0.92663, 0.94605, 0.9662, 0.98681, 0.99239, 1, 0.98689, 0.96898, 0.95235, 0.93699, 0.92077, 0.90734, 0.88223, 0.84885, 0.8307, 0.81616, 0.79017, 0.77641, 0.76303, 0.73765, 0.71545, 0.70378, 0.69001, 0.66482, 0.6449, 0.62217, 0.59997, 0.59089, 0.58288,
        0.566, 0.54977, 0.50291, 0.46005, 0.43025, 0.42388, 0.4066, 0.38221, 0.35831, 0.33928, 0.31885, 0.29808, 0.28086, 0.25202, 0.23378, 0.21766, 0.21083, 0.19516, 0.18786, 0.17552, 0.16101, 0.15312, 0.14388, 0.14047, 0.1446, 0.15078, 0.15119, 0.14862, 0.1515, 0.15133, 0.15389, 0.1509, 0.15076, 0.13752, 0.13207, 0.13111, 0.12921, 0.12849, 0.1258, 0.12491, 0.12317, 0.11919, 0.1069, 0.11593, 0.11026, 0.13078, 0.13647, 0.12728, 0.12018, 0.12816, -0.37663, -0.33774, 0.89094, 0.45551],
    [0.89056, 0.88922, 0.88951, 0.88864, 0.8856, 0.88435, 0.88233, 0.87884, 0.87789, 0.87613, 0.87525, 0.87497, 0.87458, 0.87375, 0.87213, 0.87153, 0.87113, 0.87136, 0.87139, 0.87166, 0.87196, 0.87511, 0.87816, 0.88456, 0.89252, 0.90114, 0.90994, 0.92945, 0.94826, 0.968, 0.97382, 0.98689, 1, 0.98814, 0.97075, 0.95418, 0.93765, 0.92305, 0.89684, 0.86395, 0.8457, 0.83098, 0.80418, 0.79016, 0.77679, 0.75192, 0.73001, 0.71864, 0.7052, 0.67925, 0.65832, 0.63637, 0.61487, 0.60598, 0.59818,
        0.58097, 0.56444, 0.51628, 0.47421, 0.44446, 0.43855, 0.4221, 0.39775, 0.37329, 0.35435, 0.33368, 0.31289, 0.29514, 0.26461, 0.24677, 0.23128, 0.22556, 0.21051, 0.20389, 0.19142, 0.17669, 0.16793, 0.15908, 0.15203, 0.15332, 0.15925, 0.15922, 0.15659, 0.15969, 0.15863, 0.16169, 0.15946, 0.15926, 0.1451, 0.13942, 0.13757, 0.13562, 0.13359, 0.12998, 0.12798, 0.12637, 0.12377, 0.11392, 0.12304, 0.11717, 0.13942, 0.14452, 0.13509, 0.12768, 0.1364, -0.38455, -0.34629, 0.89007, 0.46796],
    [0.88935, 0.88737, 0.88753, 0.88606, 0.88212, 0.88059, 0.87798, 0.87336, 0.87212, 0.86913, 0.86749, 0.86682, 0.86622, 0.86511, 0.86283, 0.86194, 0.86014, 0.85873, 0.85753, 0.85728, 0.85685, 0.85907, 0.86163, 0.86776, 0.87552, 0.88387, 0.89239, 0.91175, 0.92987, 0.95023, 0.956, 0.96898, 0.98814, 1, 0.98865, 0.97155, 0.95369, 0.93779, 0.91162, 0.87898, 0.86101, 0.84614, 0.81877, 0.80462, 0.79162, 0.76753, 0.7461, 0.7345, 0.72092, 0.69457, 0.67365, 0.65272, 0.63158, 0.62262, 0.61481,
        0.5978, 0.58135, 0.53367, 0.49148, 0.46098, 0.45508, 0.43957, 0.41599, 0.39053, 0.37012, 0.34878, 0.32713, 0.30826, 0.27623, 0.25799, 0.24294, 0.23746, 0.22261, 0.21585, 0.2041, 0.18902, 0.17998, 0.17218, 0.16352, 0.16247, 0.16703, 0.16629, 0.16393, 0.16705, 0.16567, 0.16761, 0.16589, 0.16544, 0.15041, 0.14441, 0.14222, 0.14052, 0.13787, 0.13365, 0.13111, 0.12893, 0.12755, 0.1197, 0.1302, 0.12435, 0.14873, 0.15332, 0.14567, 0.13884, 0.14677, -0.39677, -0.3564, 0.88896, 0.48128],
    [0.8875, 0.88485, 0.88476, 0.88286, 0.87827, 0.87653, 0.87345, 0.86818, 0.86661, 0.86217, 0.86001, 0.85876, 0.85783, 0.85642, 0.85395, 0.85247, 0.84861, 0.84617, 0.84381, 0.84296, 0.84211, 0.8437, 0.84564, 0.85141, 0.85886, 0.86642, 0.87494, 0.89396, 0.91182, 0.93301, 0.93917, 0.95235, 0.97075, 0.98865, 1, 0.98942, 0.97099, 0.95422, 0.92657, 0.89409, 0.87681, 0.86184, 0.83483, 0.82125, 0.80876, 0.78524, 0.76436, 0.75253, 0.73874, 0.71199, 0.69137, 0.67108, 0.64989, 0.64084, 0.6329,
        0.61604, 0.59997, 0.55213, 0.50925, 0.47786, 0.47162, 0.45633, 0.43312, 0.40727, 0.38701, 0.36559, 0.34365, 0.32419, 0.29118, 0.27267, 0.25812, 0.25209, 0.23719, 0.2301, 0.21872, 0.20284, 0.19335, 0.18509, 0.17461, 0.17184, 0.17638, 0.17549, 0.17286, 0.17625, 0.17513, 0.17608, 0.17393, 0.17283, 0.15561, 0.14897, 0.14691, 0.14586, 0.14361, 0.13954, 0.13665, 0.13492, 0.1336, 0.12756, 0.13798, 0.13172, 0.15846, 0.16272, 0.15592, 0.14972, 0.15954, -0.40176, -0.35832, 0.88723, 0.49432],
    [0.88799, 0.88454, 0.88405, 0.8815, 0.87608, 0.87404, 0.87038, 0.86386, 0.86182, 0.8561, 0.85328, 0.85149, 0.85009, 0.84831, 0.84546, 0.84372, 0.83928, 0.83533, 0.83196, 0.8308, 0.82938, 0.83018, 0.83202, 0.83749, 0.84429, 0.85122, 0.85959, 0.87887, 0.89553, 0.91713, 0.92345, 0.93699, 0.95418, 0.97155, 0.98942, 1, 0.9894, 0.97306, 0.94296, 0.91075, 0.8939, 0.87964, 0.85286, 0.83908, 0.82622, 0.80218, 0.78239, 0.77077, 0.75698, 0.73058, 0.70981, 0.68966, 0.6683, 0.65905, 0.65126,
        0.63518, 0.61962, 0.57352, 0.53109, 0.49983, 0.49351, 0.47826, 0.45551, 0.42976, 0.40979, 0.38842, 0.36658, 0.34714, 0.31358, 0.29545, 0.27957, 0.27281, 0.25786, 0.25041, 0.23885, 0.22338, 0.21412, 0.20574, 0.19433, 0.19081, 0.19467, 0.19347, 0.19024, 0.19274, 0.19085, 0.19055, 0.18773, 0.18625, 0.16896, 0.16042, 0.15733, 0.15648, 0.15511, 0.15091, 0.14813, 0.14605, 0.14472, 0.13821, 0.14733, 0.14117, 0.16832, 0.17267, 0.16513, 0.15836, 0.17077, -0.40563, -0.35932, 0.88785, 0.50853],
    [0.88795, 0.88411, 0.88332, 0.88022, 0.87384, 0.87161, 0.86761, 0.85997, 0.85745, 0.85066, 0.84687, 0.8444, 0.84264, 0.84064, 0.83723, 0.8349, 0.82944, 0.82375, 0.81929, 0.8179, 0.81636, 0.8169, 0.81844, 0.82355, 0.82998, 0.83585, 0.84412, 0.86295, 0.87883, 0.90067, 0.90712, 0.92077, 0.93765, 0.95369, 0.97099, 0.9894, 1, 0.99042, 0.95949, 0.92752, 0.9113, 0.89712, 0.87004, 0.85619, 0.84309, 0.8201, 0.80031, 0.78869, 0.77527, 0.74886, 0.72807, 0.70884, 0.68833, 0.67942, 0.67181,
        0.65567, 0.64003, 0.5961, 0.55467, 0.52266, 0.51604, 0.50067, 0.47792, 0.45182, 0.43078, 0.40968, 0.38785, 0.36778, 0.33343, 0.31511, 0.29868, 0.29297, 0.27864, 0.2708, 0.25789, 0.24272, 0.23348, 0.22497, 0.21193, 0.20751, 0.21106, 0.20938, 0.20546, 0.20708, 0.20541, 0.20459, 0.20134, 0.19982, 0.1828, 0.17477, 0.17205, 0.17114, 0.16931, 0.16509, 0.16194, 0.15978, 0.15914, 0.15192, 0.16151, 0.15589, 0.18472, 0.1881, 0.18051, 0.17368, 0.18963, -0.40322, -0.36049, 0.88791, 0.52604],
    [0.88822, 0.88435, 0.88322, 0.87955, 0.87235, 0.87004, 0.8656, 0.85729, 0.85449, 0.84655, 0.84216, 0.83917, 0.83712, 0.83491, 0.83056, 0.82722, 0.8206, 0.81364, 0.80793, 0.80644, 0.80476, 0.80472, 0.80639, 0.81129, 0.81713, 0.82263, 0.83077, 0.84913, 0.86534, 0.88755, 0.89379, 0.90734, 0.92305, 0.93779, 0.95422, 0.97306, 0.99042, 1, 0.97586, 0.94394, 0.92819, 0.91363, 0.88646, 0.87281, 0.85987, 0.83806, 0.81825, 0.80677, 0.79398, 0.7675, 0.74687, 0.72826, 0.70809, 0.69904, 0.6913,
        0.67441, 0.6585, 0.61529, 0.5747, 0.5427, 0.53564, 0.51984, 0.49562, 0.46908, 0.44708, 0.42607, 0.40421, 0.38403, 0.35032, 0.33235, 0.31544, 0.3103, 0.29577, 0.28708, 0.27247, 0.25723, 0.24801, 0.24011, 0.22566, 0.21985, 0.22278, 0.2203, 0.21604, 0.2173, 0.21583, 0.21461, 0.21164, 0.21013, 0.19359, 0.18665, 0.18443, 0.18385, 0.18221, 0.17815, 0.17462, 0.17242, 0.1722, 0.1633, 0.17378, 0.16849, 0.19462, 0.19785, 0.19024, 0.1833, 0.19962, -0.40869, -0.36874, 0.88825, 0.54133],
    [0.88687, 0.88247, 0.88105, 0.8762, 0.86739, 0.86456, 0.85929, 0.84976, 0.8464, 0.83647, 0.83118, 0.82709, 0.82456, 0.82191, 0.81691, 0.81268, 0.80431, 0.79549, 0.78882, 0.78712, 0.785, 0.78423, 0.7851, 0.78885, 0.7943, 0.80028, 0.80817, 0.82594, 0.84064, 0.86276, 0.86848, 0.88223, 0.89684, 0.91162, 0.92657, 0.94296, 0.95949, 0.97586, 1, 0.97618, 0.96041, 0.94512, 0.91748, 0.904, 0.89155, 0.87044, 0.85129, 0.8401, 0.82787, 0.8022, 0.78239, 0.7639, 0.74477, 0.73567, 0.72757,
